0 
0 
0 
0 
0 
0 
0 
0 
0 
0 
0 
0 
0 
0 
0 
0 
0 
0 
0 
0 
0 
0 
0 
0 
0 
0 
0 
0 
0 
0 
0 
0 
0 
0 
0 
0 
0 
0 
0 
0 
0 
0 
0 
0 
0 
0 
0 
0 
0 
0 
0 
0 
0 
0 
0 
0 
0 
0 
0 
0 
0 
0 
0 
0 
2 
3 
0 
0 
0 
0 
0 
0 
0 
0 
0 
0 
0 
0 
0 
0 
0 
0 
0 
0 
0 
0 
0 
0 
0 
0 
0 
0 
0 
0 
0 
0 
0 
0 
0 
0 
0 
0 
0 
0 
0 
0 
0 
0 
0 
0 
0 
0 
0 
0 
0 
0 
0 
0 
0 
0 
0 
0 
0 
0 
0 
0 
0 
0 
0 
7287 
-204 
-21981 
-18277 
-16989 
-9119 
14302 
-2946 
16916 
25435 
10318 
7944 
-31296 
-14688 
8269 
-21579 
-15822 
15112 
-13566 
-16032 
30365 
22735 
-25335 
-23860 
-2152 
-4069 
30402 
-9295 
7842 
11999 
14206 
24361 
-24786 
21852 
12485 
-8010 
-21709 
-29919 
-703 
-28757 
3547 
-10451 
-14476 
20266 
29910 
-19655 
14564 
2001 
19301 
1423 
11834 
5970 
18409 
20113 
15654 
-29352 
32019 
-25517 
-10552 
-19270 
524 
-25101 
-23895 
-8212 
0 
0 
0 
0 
0 
0 
0 
0 
0 
0 
0 
0 
0 
0 
0 
0 
0 
0 
0 
0 
0 
0 
0 
0 
0 
0 
0 
0 
0 
0 
0 
0 
0 
0 
0 
0 
0 
0 
0 
0 
0 
0 
0 
0 
0 
0 
0 
0 
0 
0 
0 
0 
0 
0 
0 
0 
0 
0 
0 
0 
0 
0 
0 
0 
