0 
0 
0 
0 
0 
0 
0 
0 
0 
0 
0 
0 
0 
0 
0 
0 
0 
0 
0 
0 
0 
0 
0 
0 
0 
0 
0 
0 
0 
0 
0 
0 
0 
0 
0 
0 
0 
0 
0 
0 
0 
0 
0 
0 
0 
0 
0 
0 
0 
0 
0 
0 
0 
0 
0 
0 
0 
0 
0 
0 
0 
0 
0 
0 
2 
3 
0 
0 
0 
0 
0 
0 
0 
0 
0 
0 
0 
0 
0 
0 
0 
0 
0 
0 
0 
0 
0 
0 
0 
0 
0 
0 
0 
0 
0 
0 
0 
0 
0 
0 
0 
0 
0 
0 
0 
0 
0 
0 
0 
0 
0 
0 
0 
0 
0 
0 
0 
0 
0 
0 
0 
0 
0 
0 
0 
0 
0 
0 
0 
1753882407 
1141075727 
1030775979 
-1646184943 
748970947 
-594432485 
-532849551 
-595595667 
1392387045 
-1427719691 
297424941 
-520946829 
1884957463 
801320097 
-1230563705 
-1816669325 
161147771 
-1713775317 
-1371079255 
-1229506475 
-1227673891 
-492205661 
-393536183 
87005079 
2005482793 
-754021361 
1611470267 
-82978495 
1244805085 
653374521 
-965796311 
-1457194951 
-1172031069 
-1606166399 
-969225203 
1042959321 
1255781233 
445900315 
-471333825 
-1787906639 
-1755692849 
-1504403363 
-34862163 
-1812821557 
406075137 
201797393 
-1415378109 
1563963503 
334755641 
-169096853 
1257540257 
-54954375 
-200212415 
-2010667703 
-489415129 
-737705093 
961079727 
-505021045 
-1033330371 
1664191539 
1240177445 
186040333 
43686699 
-197057181 
0 
0 
0 
0 
0 
0 
0 
0 
0 
0 
0 
0 
0 
0 
0 
0 
0 
0 
0 
0 
0 
0 
0 
0 
0 
0 
0 
0 
0 
0 
0 
0 
0 
0 
0 
0 
0 
0 
0 
0 
0 
0 
0 
0 
0 
0 
0 
0 
0 
0 
0 
0 
0 
0 
0 
0 
0 
0 
0 
0 
0 
0 
0 
0 
