0 
0 
0 
0 
0 
0 
0 
0 
0 
0 
0 
0 
0 
0 
0 
0 
0 
0 
0 
0 
0 
0 
0 
0 
0 
0 
0 
0 
0 
0 
0 
0 
0 
0 
0 
0 
0 
0 
0 
0 
0 
0 
0 
0 
0 
0 
0 
0 
0 
0 
0 
0 
0 
0 
0 
0 
0 
0 
0 
0 
0 
0 
0 
0 
0 
2 
3 
0 
0 
0 
0 
0 
0 
0 
0 
0 
0 
0 
0 
0 
0 
0 
0 
0 
0 
0 
0 
0 
0 
0 
0 
0 
0 
0 
0 
0 
0 
0 
0 
0 
0 
0 
0 
0 
0 
0 
0 
0 
0 
0 
0 
0 
0 
0 
0 
0 
0 
0 
0 
0 
0 
0 
0 
0 
0 
0 
0 
0 
0 
0 
0 
1487886291 
1605307169 
-586951525 
645593643 
1404973257 
-344652013 
1344497115 
1140078071 
1443040763 
-494205477 
355294657 
1432761539 
-1458431485 
-479621537 
654438479 
-263723381 
7382941 
-468962139 
-581685683 
-1045713037 
-292845811 
172973447 
-528134309 
1344065335 
-1821881095 
-1533724739 
1082010215 
454160709 
922154725 
-1882500971 
1830235301 
208944279 
-1556749339 
654614475 
-1600725903 
274877895 
-1512027079 
682361845 
892853935 
-419639691 
-547989889 
-1656186087 
163468205 
-1368946725 
252186883 
-627776597 
1693375579 
2110066209 
337828105 
-69801933 
-635016669 
268569707 
-159560445 
-1672807659 
-22418289 
1172938649 
-320005717 
-1037033531 
-445276465 
-1928521107 
1463922469 
-1722690843 
-890469447 
1841023861 
1143645851 
0 
0 
0 
0 
0 
0 
0 
0 
0 
0 
0 
0 
0 
0 
0 
0 
0 
0 
0 
0 
0 
0 
0 
0 
0 
0 
0 
0 
0 
0 
0 
0 
0 
0 
0 
0 
0 
0 
0 
0 
0 
0 
0 
0 
0 
0 
0 
0 
0 
0 
0 
0 
0 
0 
0 
0 
0 
0 
0 
0 
0 
0 
0 
0 
0 
